933 2
614 -3.52745140
186 469.48155156
159 641.64204840
406 641.42036195
581 10.03787347
526 377.37873470
313 280.00375378
348 442.36820582
642 580.85256508
938 276.26487014
802 845.11816767
987 865.24915311
167 317.24826807
561 275.81203650
777 142.34675130
726 770.13101596
109 478.52269051
196 398.04367199
453 826.95870846
992 290.81603442
586 592.60267953
282 517.54673910
332 526.03750725
926 195.48735008
474 459.21774957
782 467.91946165
523 444.00680563
297 151.63856929
613 123.42658773
606 -9.32532731
160 409.86889248
255 95.75521104
336 359.84115116
730 76.31690420
806 94.74996185
394 -66.28305918
983 53.39170507
426 545.81200598
817 648.84609516
305 526.38929411
403 102.97659230
139 124.16785180
354 650.36265145
14 38.37360759
376 298.84041871
659 105.34568316
659 598.54243599
616 109.38367870
314 619.02471999
346 360.21961119
446 483.37458419
994 277.21842097
560 146.73467208
388 -46.19565416
747 684.07965331
60 711.79885250
729 721.96508683
46 843.46861171
504 328.96343883
640 335.23819697
869 479.23056734
269 269.35435041
837 533.73348186
856 335.41419721
270 23.74251534
37 602.71907712
104 379.87295145
703 248.01168859
79 227.87728507
856 518.42115543
565 748.16394543
918 285.50529496
949 216.27906125
310 576.26648762
226 520.95590075
392 507.04943999
237 607.44138920
45 727.43504135
169 199.27100436
56 61.74633015
390 517.11069063
289 50.70635090
926 405.34202094
401 293.25858333
800 734.35618152
446 100.70250557
163 745.67491684
286 384.23734245
748 1.64906766
571 201.86764122
937 282.23102512
332 68.53270058
117 121.79573962
89 359.40217292
722 396.82180242
693 594.65666677
502 292.06793420
597 625.87139500
372 729.31049532
998 879.46659749
765 65.37415693
762 637.70598468
239 522.71401105
691 835.53816340
584 436.81539354
811 642.31443220
442 709.79894406
114 417.19638661
222 91.46992401
368 470.02520829
746 77.26560259
86 517.67372662
969 139.75008393
63 684.57786798
428 792.11365093
718 56.36399426
90 441.17493210
454 494.38169500
821 74.28296762
221 619.64046144
836 520.90319529
190 875.26068911
982 825.16385388
819 53.20728172
565 27.86889248
458 383.90377514
197 321.07007050
300 349.45304727
441 770.86513871
304 183.73842586
898 424.26847133
623 69.77471236
249 484.41831721
503 102.44743187
710 674.65907773
658 582.34122745
771 459.79726554
947 293.84658345
530 594.69920957
924 191.26529740
579 445.00097659
837 304.34244819
486 726.66570025
811 101.65202795
378 612.06851405
886 158.68941313
456 501.84850612
128 618.49339274
829 164.55500961
974 -18.73650319
615 741.76982940
384 122.87710196
921 -64.48271126
839 488.57344279
768 182.02243110
605 -42.52143925
268 673.85314493
864 258.22605060
536 499.82085635
349 660.80507828
31 764.33790094
696 746.06601154
706 745.85894345
601 246.16037477
818 -17.79815058
303 241.70778527
131 330.56822413
752 -61.20099490
207 664.59260842
588 -2.82094790
451 97.37031159
781 613.23838008
868 444.76577044
683 41.89440596
70 577.01684622
935 396.19852290
570 399.34809412
381 661.67738884
91 374.61165197
800 538.13675344
426 737.51664785
820 21.05078280
796 828.40763573
57 103.84740745
626 382.43739128
167 -32.48744163
390 449.97357097
875 741.09430219
60 91.80779443
51 614.01727348
362 454.82290109
113 810.74568926
71 742.84633930
948 474.38135929
557 186.10013123
477 862.37928404
537 806.57316813
339 759.83059175
845 838.41685232
672 -40.17276528
444 662.72554704
551 244.40934477
972 161.43211158
326 466.62910855
728 719.15167699
625 674.46980193
65 752.27103488
993 283.86184271
497 45.02700888
275 611.95962401
308 353.37458419
349 657.31534776
601 606.73632008
602 433.72774438
497 171.87496567
421 477.48280282
505 876.76580096
156 760.56617939
985 0.09009064
493 -38.66637165
315 568.44843898
251 441.20688498
420 525.23123875
623 684.33912168
59 873.90682699
643 393.99270608
250 630.91674551
706 336.71822260
782 -63.96310312
113 160.44050417
12 40.58650472
16 381.37293619
498 278.87655263
829 561.41608936
830 386.41077914
718 336.48207038
808 -39.79750969
945 609.13873714
391 313.78640095
122 184.22174749
967 309.69972839
242 788.73500778
891 10.01498459
608 756.58168279
618 517.54683065
415 803.55970946
440 346.25641652
958 825.74590289
804 589.76107059
968 45.00350963
887 129.35142064
74 751.00674459
258 50.14685507
257 407.00552385
573 396.60719626
584 787.68080691
953 108.19193091
7 587.98971526
18 732.13943907
729 291.99533067
473 485.75395978
386 72.44364757
680 850.86504715
680 137.41441084
849 -26.11770989
517 513.85918760
496 433.73863948
494 698.37324137
604 623.61812189
946 394.25257118
857 515.32731101
521 203.88940092
20 233.11697745
825 115.98382519
593 853.31678213
857 33.01940977
357 714.93719291
682 37.09329508
1000 373.04303110
980 865.63060396
396 352.83797723
938 712.87514878
706 776.64299448
683 -22.54469436
889 259.93121128
115 8.90520951
805 527.91827143
228 807.89748833
338 -37.46940519
671 701.24317148
132 622.50538652
201 836.55995361
378 765.54145940
406 -13.97280801
786 790.44654683
161 680.96118046
601 436.73561815
118 630.17978454
178 530.75432600
478 495.40983306
388 351.75475326
420 372.44386120
853 570.06442457
991 85.50706503
623 474.18576617
744 829.46748253
901 703.97021393
359 -24.75640126
169 442.55265969
781 608.15640736
137 545.13199255
166 424.16208380
921 683.56755272
505 444.01281777
785 547.75652333
599 91.55201880
520 485.48576312
666 417.67903684
453 296.53819391
154 558.14703818
262 718.90786462
139 362.40522477
832 521.65785699
459 547.29276406
504 1.87276833
750 138.65968810
849 72.93136387
787 237.05395672
553 611.58577227
778 18.60032960
588 18.70271920
173 5.23023164
743 82.62483596
486 649.62639241
198 -3.42527543
164 673.74837489
369 -11.03064058
823 -21.27121799
575 277.57161168
827 519.40049440
256 327.69475387
183 15.85824152
700 42.82683798
261 441.39674062
107 411.67714469
519 257.02963347
205 466.39002655
783 601.70101016
6 449.15106662
7 205.38151189
739 311.24707785
795 469.61879330
469 -7.53492843
627 658.90923795
326 241.14636677
590 728.60557878
476 702.87755974
248 524.09085360
509 167.32609027
717 532.76485488
202 149.73818171
584 663.12445448
943 211.73491623
764 331.00408948
335 703.89712210
986 158.99523911
753 517.84127323
735 552.31812494
619 767.68715476
62 786.09161657
576 865.62373730
420 559.16751610
128 462.32120731
80 288.58906827
888 255.83718375
73 546.42216254
449 -30.94979705
3 239.31983398
781 720.14780114
946 -35.16245003
285 305.92403943
256 570.34833827
241 566.23114719
646 625.53312784
94 829.49986267
919 799.96978668
631 150.42683187
363 711.44154180
694 562.34171575
222 453.35175634
527 1.04354991
711 547.19705802
972 758.65443892
191 277.53712577
426 612.90835292
722 122.43241676
66 203.89651173
319 -4.97326579
40 368.25348674
304 355.95245216
818 246.71492660
637 325.66130558
903 0.53550829
283 788.75350200
74 -30.95391705
224 381.02053896
22 515.27906125
544 520.35731071
533 483.72667623
85 493.05896176
833 593.54026917
249 313.42817469
299 158.45768609
559 602.19641713
655 -68.91708121
804 763.14172796
738 773.46610920
511 464.58268990
194 209.86123234
530 168.27497177
334 584.70735801
318 -52.24539933
318 258.90289010
595 833.48515275
215 574.95254372
505 400.40443129
725 299.18655965
127 752.74733726
993 815.60423597
373 548.47843867
698 487.60707419
464 838.41862239
417 346.58464309
828 -42.67577136
756 68.62211982
775 356.89834284
462 290.13959166
855 -19.89440596
308 -23.32532731
685 250.35230567
709 866.90246284
837 664.20380261
418 393.98425245
300 377.47068697
609 558.06131169
82 91.82396924
796 -47.19873653
964 771.72765282
626 389.97390667
771 789.52510147
503 -17.28211310
522 591.11154515
188 276.07287820
674 733.89291055
115 12.12936796
790 643.79488510
674 266.40659810
997 672.07379376
33 823.43949705
885 647.71227149
876 -39.34226508
597 568.38920255
719 674.10385449
711 43.51530503
23 303.98458815
323 95.74819178
839 197.10495315
937 698.87334819
971 -37.47169408
773 445.07831050
308 18.95245216
566 738.58851894
186 712.92992950
203 398.49241615
326 48.80266732
922 674.49418622
14 90.70058290
555 64.41041292
600 130.79113132
119 178.60502945
747 -14.21039460
940 58.35532701
479 529.17136143
756 508.48808252
55 61.19296854
217 9.64140751
268 563.35465560
323 331.32328257
327 721.94711142
315 769.67397076
741 463.44325083
506 36.62190619
91 736.35068819
461 1.07904294
984 116.35209204
372 431.07223731
403 517.75917844
451 240.38212226
361 525.11175878
25 298.48094119
291 824.79497665
35 534.45411542
933 -41.55284280
628 244.27863399
404 764.31757561
535 795.44407483
624 14.22482986
923 647.55894650
932 155.99728385
657 337.41648610
355 753.86379589
397 79.11932737
416 520.83581042
968 862.41300699
81 612.30249947
631 715.47273171
816 807.47843867
130 -6.84386731
787 651.61653493
280 360.29859310
308 637.66063417
747 355.11471908
49 -33.11981567
790 -1.69783624
557 -5.36692404
158 -11.85070345
956 191.36610004
72 783.95059053
22 623.90917692
482 844.45625172
265 810.67650380
278 369.05493332
956 378.17856380
951 699.02960295
216 357.89974670
374 29.66655477
962 530.73027741
825 589.35929441
341 835.38621174
25 616.25650807
553 216.22940764
628 60.58409375
238 25.23679312
989 288.64729759
248 303.19135105
144 575.81896420
5 489.09830012
692 14.66484573
896 -14.00350963
623 302.87435530
263 788.35914182
581 391.98040712
682 798.79021577
526 80.08734397
590 621.33893857
218 56.11023286
740 732.11108737
976 515.48255867
987 703.56657613
35 17.04263436
504 -28.40842921
793 467.98208563
232 870.73928037
153 134.46031068
279 828.57438887
626 202.88268685
612 215.45744194
909 524.02737510
622 183.98898282
705 436.31986450
479 265.32856227
465 780.70970794
615 624.33140049
268 50.93646046
544 282.53395184
920 245.59685049
410 675.09137242
701 379.47529527
916 21.45216224
771 410.19501328
260 746.47044282
695 330.51454207
177 813.43278298
747 222.65938292
673 769.73491623
450 595.06414991
267 462.31437117
950 611.93456832
414 214.04718162
924 378.24262215
318 328.78041932
852 520.27201147
705 8.11957152
169 548.75228126
444 598.14651936
785 127.09326456
420 557.53392132
957 -12.62755211
857 241.67369610
168 412.66756188
374 82.07101657
983 524.18884854
845 -52.00012207
166 284.57258827
164 756.89379559
96 418.77800836
385 840.78527177
277 519.40720847
607 341.92727439
973 535.06537065
517 562.16354869
843 26.72515030
959 7.28000732
370 198.07647938
592 420.09405805
898 724.65764336
736 298.05020295
800 207.29889828
720 444.20761742
665 521.19476913
900 853.36005737
800 536.87456893
4 -31.75927000
179 517.59349345
105 481.96270638
32 155.34086123
823 -27.34897916
527 795.88134404
314 265.26496170
94 304.13928648
112 531.50822474
920 382.92474136
67 797.10998871
107 573.61055330
911 645.25440229
494 548.03039644
560 877.16339610
658 588.69441816
66 851.42698447
285 821.54884487
167 89.24655904
10 833.05377361
944 703.93835261
636 189.44831690
816 819.46104312
160 758.84118168
228 561.00579852
449 52.32840968
953 748.44776757
192 74.82644124
94 661.32605976
724 432.84185308
365 778.62468337
198 307.10467849
757 361.58702353
737 766.99322489
879 837.74666585
752 764.10303049
25 -16.08838160
714 561.28321177
675 587.63151952
679 702.10486160
888 525.32697531
764 338.16772973
549 698.39564196
398 821.01043733
958 336.85265664
33 41.79976806
709 747.04330576
58 708.55262917
474 247.30170598
231 78.52345347
346 408.75316630
194 124.68636128
373 48.38856166
327 711.08890042
734 13.70567949
137 736.37086093
158 610.23715934
185 780.05618458
866 845.79549547
187 426.46290475
731 799.88332774
702 -42.64204840
451 -51.92779321
196 191.94058046
410 643.86486404
382 715.48847926
132 737.25342570
32 516.17529832
209 278.49354534
131 130.28891873
61 252.15381329
678 506.47206030
49 -28.09775079
901 292.79677725
60 740.37400433
350 62.59538560
465 -64.53865169
352 -28.87157811
594 61.09283731
654 693.50086978
81 243.65816218
700 172.86404004
864 115.30713828
87 620.99026460
949 654.03250221
308 810.90255440
162 554.36228523
397 57.50904874
804 703.26340526
953 387.25681326
948 -44.88244270
447 76.80578021
786 136.99926756
624 481.75649281
180 192.59013642
900 480.67104099
378 751.52616962
497 431.12784204
664 492.42124699
751 430.47535630
503 93.86822108
241 96.41969054
577 291.00842311
317 722.72496719
883 853.41239662
363 875.24320200
535 625.64738914
869 -23.64665670
184 428.65352336
235 499.79552599
742 876.52757347
831 263.96859645
783 435.15137181
948 771.13470870
600 81.92492447
888 245.77373577
551 371.29480880
418 571.67607654
92 606.43556017
524 805.38050478
248 830.96621601
738 754.37726981
63 502.59440901
582 230.23368023
840 -61.30002747
497 456.58217109
353 434.72215949
741 293.86614582
965 -18.57087924
603 102.99124119
203 145.34461501
967 119.70223090
307 174.41328166
797 19.72801904
871 283.02807703
843 712.62895596
959 699.44221320
245 484.96975616
303 738.97436445
729 825.05365154
604 15.90841395
377 722.11123997
690 419.21933653
997 306.66643269
293 287.84267708
222 231.93102817
827 -26.22092349
973 284.62648396
332 -12.49378948
250 -48.27237770
364 678.58635212
663 78.39121677
386 353.63332011
516 567.89584033
307 360.56266976
302 688.90655232
519 581.91787469
10 591.91088595
546 32.66820276
871 415.37720878
363 305.83812983
515 546.18964202
637 390.27423933
71 623.33603931
525 869.41276284
927 752.79766228
671 691.70180364
992 73.23068941
36 663.98266549
12 489.47019868
692 710.26966155
348 517.24686422
412 312.61149937
995 122.91726432
358 647.69621876
48 83.58638264
746 25.19949950
674 842.87966552
586 590.19840083
54 601.91930906
411 351.90380566
771 242.90658284
58 267.13180944
212 479.22846156
769 814.95886105
702 94.32200079
167 -43.48469497
265 312.76552629
646 147.49156163
602 77.34983367
951 209.28446303
465 472.33683279
349 217.42378002
418 311.86547441
781 232.61711478
167 628.63835566
494 208.05676443
278 694.74355296
712 540.17481002
595 107.85808893
691 817.43092135
959 15.26978362
886 358.60438856
317 769.26471755
104 617.05450606
448 -29.41373943
906 133.14249092
977 536.00158696
95 679.09573656
521 298.63853877
2 81.66811121
322 122.80428480
412 15.63087863
6 257.59349345
333 250.04528947
364 82.86074404
69 773.04318369
472 180.19656972
597 863.10144353
998 825.53303629
549 592.16592914
627 844.03741569
1000 705.08340709
261 336.15878780
818 -48.73693045
559 6.19223609
916 294.93646046
231 748.65187536
590 120.44181646
947 487.21195105
347 194.24869533
438 -33.87981811
154 96.59047212
679 235.92486343
301 631.20578631
635 460.22028260
377 795.43549913
385 473.02237007
573 280.39881588
494 467.46656697
179 255.81136509
43 213.89693899
438 577.82949309
307 662.21478927
695 -23.26297800
891 595.70027772
198 534.95651112
32 81.53779717
774 517.39292581
139 -67.90844447
939 587.12652974
900 646.71269875
829 628.59212012
954 -38.35660878
740 741.23377178
482 606.53819391
787 517.83910642
555 364.37485885
714 417.95178076
879 641.20053713
923 681.57051302
941 704.38041322
937 490.38117618
864 25.90746788
11 122.67107150
667 63.02307199
745 792.45747246
408 397.00781274
662 290.85869930
597 805.66090884
680 512.96197394
105 373.81698050
958 867.03262429
887 421.37525559
181 141.48017823
713 690.86547441
357 850.17798395
577 823.67006439
901 -3.84871975
222 501.79067354
565 156.92086550
543 -0.38975188
234 131.55226295
853 573.58949553
53 -21.67256691
369 111.36860256
460 454.56047243
144 712.45130772
927 397.04126102
550 337.64934233
311 188.53877377
367 463.88964507
111 636.35181738
557 358.95760979
383 771.68630024
241 -55.60850856
966 460.28861354
180 -3.81664480
489 768.89922788
683 -33.69710379
431 66.33457442
629 497.46836756
788 230.98501541
800 514.16971343
744 683.85213782
534 442.82522050
678 337.57399213
650 615.25208289
229 450.81591235
664 379.47715690
538 825.57176428
3046.82854555